0.500000 0.469725 0.441379 0.414911 0.390244 0.367288 0.345946 0.326115 0.307692 0.290579 0.274678 0.259898 0.246154 0.233364 0.221453 0.210353 0.200000 
0.498960 0.466928 0.437165 0.409567 0.384014 0.360377 0.338523 0.318321 0.299644 0.282371 0.266387 0.251587 0.237872 0.225150 0.213340 0.202365 0.192154 
0.495575 0.461862 0.430785 0.402178 0.375869 0.351683 0.329449 0.309003 0.290192 0.272873 0.256912 0.242190 0.228595 0.216026 0.204393 0.193611 0.183607 
0.489412 0.454162 0.421934 0.392491 0.365601 0.341037 0.318586 0.298050 0.279249 0.262016 0.246200 0.231666 0.218292 0.205967 0.194593 0.184081 0.174350 
0.480000 0.443439 0.410297 0.380253 0.353007 0.328277 0.305807 0.285364 0.266737 0.249741 0.234206 0.219983 0.206940 0.194958 0.183932 0.173768 0.164384 
0.466844 0.429298 0.395560 0.365218 0.337896 0.313258 0.291001 0.270860 0.252597 0.236004 0.220899 0.207120 0.194526 0.182992 0.172408 0.162676 0.153712 
0.449438 0.411351 0.377428 0.347161 0.320102 0.295856 0.274081 0.254477 0.236785 0.220780 0.206266 0.193073 0.181053 0.170076 0.160031 0.150817 0.142349 
0.427300 0.389239 0.355640 0.325898 0.299495 0.275985 0.254989 0.236182 0.219287 0.204065 0.190312 0.177853 0.166536 0.156230 0.146822 0.138213 0.130317 
0.400000 0.362665 0.329994 0.301296 0.275993 0.253600 0.233708 0.215976 0.200115 0.185880 0.173064 0.161490 0.151007 0.141486 0.132814 0.124896 0.117647 
0.367213 0.331427 0.300375 0.273300 0.249582 0.228712 0.210268 0.193900 0.179317 0.166277 0.154575 0.144037 0.134518 0.125892 0.118052 0.110908 0.104380 
0.328767 0.295455 0.266778 0.241946 0.220325 0.201399 0.184750 0.170037 0.156977 0.145336 0.134920 0.125565 0.117134 0.109511 0.102596 0.096305 0.090566 
0.284698 0.254848 0.229336 0.207383 0.188371 0.171808 0.157298 0.144522 0.133218 0.123171 0.114204 0.106170 0.098943 0.092421 0.086516 0.081151 0.076263 
0.235294 0.209902 0.188336 0.169879 0.153968 0.140163 0.128113 0.117535 0.108201 0.099926 0.092556 0.085966 0.080048 0.074716 0.069894 0.065520 0.061538 
0.181132 0.161130 0.144229 0.129827 0.117460 0.106764 0.097454 0.089303 0.082126 0.075775 0.070130 0.065088 0.060568 0.056500 0.052825 0.049495 0.046467 
0.123077 0.109256 0.097622 0.087741 0.079279 0.071979 0.065638 0.060096 0.055225 0.050920 0.047098 0.043689 0.040636 0.037890 0.035412 0.033168 0.031128 
0.062257 0.055194 0.049263 0.044235 0.039937 0.036235 0.033023 0.030219 0.027757 0.025583 0.023654 0.021935 0.020396 0.019013 0.017765 0.016636 0.015610 
0.000000 0.000000 0.000000 0.000000 0.000000 0.000000 0.000000 0.000000 0.000000 0.000000 0.000000 0.000000 0.000000 0.000000 0.000000 0.000000 0.000000 
