0.500000 0.484619 0.469725 0.455313 0.441379 0.427915 0.414911 0.402358 0.390244 0.378558 0.367288 0.356422 0.345946 0.335848 0.326115 0.316734 0.307692 0.298978 0.290579 0.282483 0.274678 0.267154 0.259898 0.252902 0.246154 0.239644 0.233364 0.227303 0.221453 0.215806 0.210353 0.205087 0.200000 
0.499748 0.483902 0.468588 0.453797 0.439522 0.425752 0.412475 0.399679 0.387350 0.375475 0.364039 0.353027 0.342425 0.332219 0.322394 0.312936 0.303831 0.295065 0.286625 0.278497 0.270671 0.263132 0.255870 0.248873 0.242130 0.235631 0.229365 0.223324 0.217497 0.211876 0.206452 0.201217 0.196164 
0.498960 0.482655 0.466927 0.451766 0.437160 0.423096 0.409559 0.396534 0.384004 0.371953 0.360365 0.349222 0.338510 0.328210 0.318307 0.308786 0.299630 0.290826 0.282357 0.274212 0.266375 0.258834 0.251576 0.244589 0.237862 0.231384 0.225143 0.219130 0.213335 0.207749 0.202362 0.197166 0.192154 
0.497587 0.480829 0.464698 0.449179 0.434256 0.419913 0.406131 0.392892 0.380178 0.367968 0.356244 0.344988 0.334180 0.323803 0.313839 0.304269 0.295079 0.286250 0.277768 0.269617 0.261783 0.254252 0.247011 0.240046 0.233346 0.226899 0.220693 0.214718 0.208964 0.203422 0.198080 0.192932 0.187968 
0.495575 0.478378 0.461857 0.445996 0.430773 0.416168 0.402160 0.388727 0.375846 0.363497 0.351657 0.340305 0.329421 0.318984 0.308975 0.299375 0.290165 0.281328 0.272847 0.264706 0.256889 0.249381 0.242169 0.235239 0.228577 0.222172 0.216012 0.210086 0.204383 0.198893 0.193606 0.188513 0.183607 
0.492869 0.475249 0.458358 0.442174 0.426672 0.411827 0.397615 0.384009 0.370984 0.358517 0.346581 0.335155 0.324214 0.313737 0.303702 0.294089 0.284878 0.276049 0.267586 0.259470 0.251685 0.244215 0.237046 0.230162 0.223552 0.217201 0.211098 0.205231 0.199588 0.194160 0.188937 0.183909 0.179067 
0.489412 0.471390 0.454152 0.437669 0.421913 0.406854 0.392462 0.378709 0.365565 0.353004 0.340997 0.329519 0.318544 0.308048 0.298008 0.288402 0.279208 0.270406 0.261977 0.253903 0.246165 0.238748 0.231636 0.224813 0.218267 0.211982 0.205947 0.200150 0.194579 0.189224 0.184073 0.179119 0.174350 
0.485143 0.466747 0.449190 0.432439 0.416458 0.401214 0.386672 0.372800 0.359565 0.346936 0.334884 0.323379 0.312394 0.301903 0.291881 0.282303 0.273146 0.264391 0.256015 0.247999 0.240326 0.232977 0.225936 0.219189 0.212719 0.206514 0.200559 0.194843 0.189354 0.184081 0.179014 0.174142 0.169456 
0.480000 0.461264 0.443423 0.426438 0.410266 0.394871 0.380212 0.366253 0.352958 0.340292 0.328223 0.316719 0.305751 0.295290 0.285308 0.275781 0.266684 0.257995 0.249691 0.241753 0.234161 0.226897 0.219944 0.213286 0.206907 0.200794 0.194932 0.189310 0.183914 0.178734 0.173759 0.168978 0.164384 
0.473921 0.454886 0.436802 0.419622 0.403299 0.387791 0.373052 0.359042 0.345721 0.333051 0.320997 0.309525 0.298601 0.288196 0.278281 0.268830 0.259815 0.251214 0.243003 0.235161 0.227669 0.220507 0.213657 0.207104 0.200830 0.194823 0.189067 0.183549 0.178258 0.173181 0.168309 0.163630 0.159135 
0.466844 0.447556 0.429276 0.411948 0.395519 0.379941 0.365163 0.351142 0.337833 0.325195 0.313190 0.301780 0.290932 0.280613 0.270792 0.261441 0.252532 0.244042 0.235945 0.228220 0.220846 0.213803 0.207074 0.200641 0.194488 0.188600 0.182962 0.177562 0.172387 0.167425 0.162665 0.158098 0.153712 
0.458703 0.439220 0.420798 0.403374 0.386889 0.371289 0.356519 0.342530 0.329274 0.316707 0.304787 0.293475 0.282734 0.272531 0.262833 0.253609 0.244832 0.236476 0.228515 0.220928 0.213692 0.206787 0.200195 0.193899 0.187881 0.182126 0.176620 0.171350 0.166303 0.161466 0.156830 0.152383 0.148115 
0.449438 0.429824 0.411321 0.393860 0.377376 0.361807 0.347094 0.333184 0.320026 0.307571 0.295776 0.284598 0.274000 0.263944 0.254398 0.245330 0.236711 0.228514 0.220712 0.213284 0.206206 0.199458 0.193021 0.186877 0.181010 0.175403 0.170043 0.164915 0.160008 0.155308 0.150805 0.146489 0.142349 
0.438989 0.419316 0.400802 0.383370 0.366947 0.351467 0.336867 0.323087 0.310074 0.297776 0.286147 0.275142 0.264722 0.254848 0.245486 0.236603 0.228169 0.220155 0.212537 0.205289 0.198390 0.191818 0.185554 0.179579 0.173878 0.168434 0.163233 0.158261 0.153505 0.148953 0.144594 0.140418 0.136415 
0.427300 0.407650 0.389202 0.371870 0.355577 0.340249 0.325818 0.312224 0.299406 0.287312 0.275893 0.265102 0.254898 0.245241 0.236095 0.227427 0.219205 0.211402 0.203991 0.196946 0.190246 0.183870 0.177797 0.172009 0.166489 0.161223 0.156194 0.151390 0.146797 0.142404 0.138200 0.134174 0.130317 
0.414318 0.394782 0.376484 0.359332 0.343240 0.328132 0.313935 0.300583 0.288014 0.276174 0.265010 0.254476 0.244526 0.235122 0.226226 0.217804 0.209824 0.202257 0.195077 0.188259 0.181780 0.175618 0.169754 0.164170 0.158848 0.153773 0.148931 0.144307 0.139890 0.135667 0.131628 0.127762 0.124059 
0.400000 0.380677 0.362621 0.345732 0.329921 0.315105 0.301207 0.288158 0.275895 0.264360 0.253499 0.243264 0.233610 0.224495 0.215883 0.207738 0.200029 0.192726 0.185803 0.179233 0.172996 0.167069 0.161432 0.156068 0.150959 0.146091 0.141449 0.137019 0.132789 0.128747 0.124882 0.121186 0.117647 
0.384307 0.365305 0.347590 0.331056 0.315608 0.301158 0.287629 0.274947 0.263048 0.251871 0.241362 0.231471 0.222153 0.213366 0.205072 0.197237 0.189828 0.182815 0.176173 0.169876 0.163902 0.158228 0.152837 0.147710 0.142831 0.138183 0.133754 0.129530 0.125499 0.121649 0.117969 0.114451 0.111085 
0.367213 0.348647 0.331378 0.315293 0.300295 0.286292 0.273203 0.260954 0.249478 0.238714 0.228607 0.219106 0.210165 0.201744 0.193804 0.186309 0.179229 0.172535 0.166198 0.160196 0.154506 0.149106 0.143978 0.139105 0.134470 0.130058 0.125855 0.121849 0.118027 0.114380 0.110895 0.107565 0.104380 
0.348701 0.330693 0.313979 0.298445 0.283987 0.270512 0.257938 0.246188 0.235196 0.224901 0.215245 0.206180 0.197659 0.189641 0.182089 0.174968 0.168246 0.161895 0.155890 0.150205 0.144819 0.139712 0.134865 0.130262 0.125886 0.121722 0.117759 0.113983 0.110382 0.106947 0.103667 0.100534 0.097538 
0.328767 0.311445 0.295402 0.280520 0.266695 0.253832 0.241847 0.230665 0.220219 0.210447 0.201293 0.192709 0.184649 0.177073 0.169943 0.163226 0.156891 0.150911 0.145260 0.139915 0.134854 0.130058 0.125509 0.121191 0.117088 0.113188 0.109476 0.105941 0.102572 0.099359 0.096293 0.093365 0.090566 
0.307424 0.290919 0.275664 0.261539 0.248440 0.236273 0.224953 0.214407 0.204567 0.195374 0.186772 0.178714 0.171156 0.164058 0.157384 0.151102 0.145182 0.139598 0.134325 0.129340 0.124623 0.120156 0.115922 0.111905 0.108090 0.104464 0.101016 0.097733 0.094606 0.091625 0.088781 0.086066 0.083472 
0.284698 0.269144 0.254795 0.241533 0.229254 0.217866 0.207286 0.197443 0.188269 0.179708 0.171707 0.164220 0.157203 0.150619 0.144434 0.138616 0.133138 0.127974 0.123101 0.118497 0.114143 0.110022 0.106118 0.102416 0.098901 0.095563 0.092389 0.089370 0.086494 0.083753 0.081140 0.078645 0.076263 
0.260633 0.246164 0.232839 0.220543 0.209177 0.198650 0.188884 0.179807 0.171359 0.163483 0.156130 0.149254 0.142817 0.136781 0.131116 0.125791 0.120780 0.116059 0.111607 0.107403 0.103430 0.099672 0.096112 0.092738 0.089537 0.086498 0.083609 0.080862 0.078246 0.075755 0.073379 0.071113 0.068949 
0.235294 0.222039 0.209853 0.198625 0.188261 0.178674 0.169791 0.161544 0.153877 0.146735 0.140074 0.133850 0.128028 0.122574 0.117457 0.112651 0.108131 0.103876 0.099865 0.096079 0.092503 0.089122 0.085921 0.082888 0.080012 0.077282 0.074688 0.072222 0.069875 0.067640 0.065510 0.063478 0.061538 
0.208760 0.196845 0.185908 0.175844 0.166566 0.157995 0.150061 0.142703 0.135868 0.129508 0.123580 0.118046 0.112872 0.108029 0.103488 0.099225 0.095219 0.091448 0.087896 0.084546 0.081382 0.078391 0.075562 0.072881 0.070341 0.067930 0.065640 0.063463 0.061392 0.059421 0.057542 0.055751 0.054041 
0.181132 0.170675 0.161088 0.152278 0.144165 0.136678 0.129754 0.123339 0.117385 0.111848 0.106691 0.101880 0.097386 0.093181 0.089240 0.085543 0.082070 0.078803 0.075726 0.072825 0.070087 0.067500 0.065053 0.062735 0.060539 0.058456 0.056478 0.054598 0.052810 0.051108 0.049487 0.047941 0.046467 
0.152526 0.143634 0.135491 0.128016 0.121139 0.114798 0.108939 0.103515 0.098483 0.093808 0.089456 0.085399 0.081611 0.078068 0.074749 0.071637 0.068715 0.065967 0.063380 0.060942 0.058642 0.056468 0.054413 0.052468 0.050625 0.048877 0.047218 0.045641 0.044142 0.042715 0.041357 0.040061 0.038826 
0.123077 0.115843 0.109225 0.103156 0.097576 0.092435 0.087689 0.083297 0.079226 0.075445 0.071927 0.068649 0.065590 0.062730 0.060052 0.057542 0.055186 0.052971 0.050886 0.048922 0.047069 0.045319 0.043664 0.042099 0.040616 0.039210 0.037875 0.036607 0.035402 0.034255 0.033162 0.032121 0.031128 
0.092933 0.087436 0.082411 0.077806 0.073575 0.069679 0.066084 0.062759 0.059678 0.056818 0.054159 0.051681 0.049370 0.047209 0.045188 0.043293 0.041515 0.039843 0.038271 0.036790 0.035393 0.034074 0.032827 0.031647 0.030530 0.029470 0.028465 0.027510 0.026603 0.025739 0.024917 0.024133 0.023386 
0.062257 0.058558 0.055178 0.052082 0.049239 0.046622 0.044208 0.041977 0.039910 0.037991 0.036208 0.034547 0.032998 0.031551 0.030196 0.028927 0.027736 0.026618 0.025565 0.024574 0.023639 0.022756 0.021922 0.021133 0.020386 0.019677 0.019005 0.018367 0.017760 0.017183 0.016633 0.016109 0.015610 
0.031220 0.029359 0.027660 0.026105 0.024676 0.023362 0.022150 0.021030 0.019992 0.019030 0.018135 0.017302 0.016525 0.015799 0.015120 0.014483 0.013886 0.013325 0.012798 0.012301 0.011832 0.011390 0.010972 0.010577 0.010203 0.009848 0.009511 0.009191 0.008887 0.008598 0.008323 0.008061 0.007811 
0.000000 0.000000 0.000000 0.000000 0.000000 0.000000 0.000000 0.000000 0.000000 0.000000 0.000000 0.000000 0.000000 0.000000 0.000000 0.000000 0.000000 0.000000 0.000000 0.000000 0.000000 0.000000 0.000000 0.000000 0.000000 0.000000 0.000000 0.000000 0.000000 0.000000 0.000000 0.000000 0.000000 
