0.500000 0.452489 0.409836 0.371747 0.337838 0.307692 0.280899 0.257069 0.235849 0.216920 0.200000 
0.497238 0.445567 0.400050 0.360068 0.324986 0.294193 0.267130 0.243299 0.222263 0.203642 0.187110 
0.487805 0.432494 0.384728 0.343490 0.307845 0.276963 0.250130 0.226735 0.206261 0.188276 0.172414 
0.469799 0.411875 0.362878 0.321320 0.285940 0.255686 0.229692 0.207247 0.187772 0.170787 0.155902 
0.441176 0.382329 0.333587 0.292972 0.258908 0.230148 0.205703 0.184792 0.166791 0.151199 0.137615 
0.400000 0.342679 0.296171 0.258074 0.226573 0.200294 0.178182 0.159427 0.143400 0.129604 0.117647 
0.344828 0.292216 0.250343 0.216578 0.189018 0.166272 0.147303 0.131336 0.117777 0.106168 0.096154 
0.275229 0.231013 0.196407 0.168876 0.146651 0.128471 0.113424 0.100836 0.090203 0.081140 0.073350 
0.192308 0.160199 0.135397 0.115869 0.100237 0.087537 0.077085 0.068382 0.061059 0.054838 0.049505 
0.099010 0.082080 0.069111 0.058968 0.050890 0.044356 0.038997 0.034548 0.030814 0.027647 0.024938 
0.000000 0.000000 0.000000 0.000000 0.000000 0.000000 0.000000 0.000000 0.000000 0.000000 0.000000 
